0.001863
0.59163
43.7606
0.006116
0.59163
34.9087
0.024654
0.59163
99.2269
0.030009
0.59163
136.013
0.072979
0.59163
220.563
0.14978
0.59163
67.7867
0.30265
0.59163
-84.7816
0.62093
0.59163
-169.875
1.20671
0.59163
-462.198
1.95963
0.59163
-557.245
3.73716
0.59163
-1248.93
7.43612
0.59163
-2084.19
14.8637
0.59163
-729.833
29.3635
0.59163
-1913.84
58.6572
0.59163
-505.856
117.164
0.59163
3022.65
235.424
-0.693929
4401.83
484.719
0.747573
5331.31
973.309
-0.100536
-422.572
2192.32
-0.0841335
-4181.6
19339.4
-0.767603
-29926.6
0.001469
-0.804702
15.5505
0.00471
-0.804702
31.5843
0.01248
-0.804702
-2.52012
0.02302
-0.804702
-51.1366
0.053319
-0.804702
-48.3039
0.107444
-0.804702
-38.5224
0.219477
-0.804702
42.3189
0.434107
-0.804702
214.602
0.88387
-0.804702
197.96
1.80229
-0.804702
252.164
3.48003
-0.804702
-378.325
7.14789
-0.804702
-383.338
14.8144
-0.804702
-933.765
29.7523
-0.804702
-446.977
58.8511
-0.804702
-1404.61
118.544
0.919449
1069.01
235.155
0.919449
4229.56
476.152
0.360677
1342.68
936.623
-0.49626
253.78
2073.95
0.526549
-25135.9
19642.3
0.847752
16445.6
